0  100
43  256
43  258
43  259
43  260
43  261
43  262
44  263
44  265
44  266
44  268
46  268
46  269
46  270
47  272
47  273
47  274
47  275
47  276
47  277
47  279
48  281
48  284
49  284
49  286
49  287
49  289
50  291
53  296
53  297
53  298
55  302
56  305
56  306
58  309
58  311
59  314
60  317
61  318
64  321
65  322
66  323
69  326
72  327
72  330
75  333
75  334
76  335
79  337
80  337
82  340
84  343
85  343
86  347
87  348
87  351
89  351
89  352
91  353
94  356
97  357
98  360
103  362
103  364
106  366
108  369
113  369
113  370
118  371
121  372
124  377
127  377
133  379
139  380
144  380
147  382
149  383
152  386
158  386
163  386
169  386
173  387
180  387
184  389
188  389
191  390
196  392
198  392
205  393
209  395
212  395
213  396
218  396
223  396
229  396
231  396
238  396
239  396
244  397
247  399
251  399
258  400
262  402
267  402
269  402
274  402
278  402
286  404
289  404
292  404
298  404
302  404
308  404
309  404
312  404
313  404
315  404
318  404
321  404
322  404
324  404
326  403
330  402
336  401
340  399
343  399
346  399
350  398
351  398
354  396
358  395
363  395
364  394
366  392
368  391
372  390
374  388
377  388
381  388
382  388
384  387
388  386
392  386
393  386
397  385
402  385
404  383
411  382
412  382
414  382
417  380
422  379
424  379
427  379
431  379
436  377
440  377
444  377
447  378
456  379
460  379
463  382
467  382
470  382
478  382
482  382
487  382
491  382
497  382
504  382
510  382
514  382
515  382
518  382
522  383
527  385
529  385
536  387
538  387
540  389
544  391
547  392
552  394
553  395
555  395
558  398
563  398
565  399
568  402
571  405
576  407
580  407
583  409
586  411
586  412
588  415
595  418
596  418
599  421
601  421
602  422
605  423
606  424
607  425
611  427
613  428
615  430
616  430
620  432
623  433
630  436
632  438
635  439
638  442
643  445
644  448
649  451
651  451
656  454
657  455
660  457
664  458
666  461
667  464
670  465
674  467
675  468
677  468
679  470
682  472
685  473
688  475
689  475
693  476
696  477
700  477
706  479
709  479
713  480
716  480
720  482
722  482
726  482
728  482
733  482
739  483
743  485
748  485
750  485
752  485
753  485
758  485
762  485
764  486
768  486
774  486
776  486
779  486
785  486
791  486
794  486
796  486
801  486
803  486
804  486
807  486
810  486
814  486
818  484
821  484
824  481
830  480
833  477
834  477
837  476
840  474
842  474
843  473
843  472
845  469
846  468
847  464
850  461
852  459
854  456
856  453
859  450
862  449
864  446
867  443
869  442
870  439
873  438
874  435
875  434
876  434
878  432
880  430
880  429
883  427
887  424
888  424
891  423
896  422
898  420
901  417
906  416
912  411
915  408
918  406
921  405
922  402
922  401
926  398
929  395
932  392
937  391
938  391
939  388
939  387
942  386
945  383
951  381
954  381
954  380
956  379
961  377
962  376
963  375
964  374
967  374
968  373
970  373
971  373
975  371
978  370
983  370
984  370
985  368
989  368
991  366
992  365
997  364
998  364
1001  363
1002  361
1006  361
1009  361
1011  361
1014  361
1017  358
1018  358
1021  358
1023  357
1028  357
1030  357
1033  357
1036  357
1040  357
1043  357
1045  357
1048  357
1049  356
1054  356
1059  356
1063  356
1067  356
1069  356
1071  356
1074  355
1078  353
1081  353
1086  352
1090  352
1093  350
1094  350
1098  350
1100  350
1103  349
1109  349
1114  349
1116  349
1119  347
1120  347
1123  346
1125  346
1125  345
1129  345
1131  344
1132  343
1134  343
1139  341
1145  339
1146  339
1147  338
1150  338
1153  337
1154  337
1156  336
1156  334
1158  333
1159  332
1161  331
1164  329
1165  328
1168  328
1169  327
1170  327
1172  327
1175  326
1180  324
1181  323
1182  323
1186  320
1189  320
1191  320
1194  317
1197  317
1200  316
1202  316
1207  316
1210  315
1212  313
1215  313
1216  313
1220  313
1223  313
1227  313
1228  313
1229  313
1232  313
1234  313
1237  313
1240  313
1242  313
1245  313
1248  312
1249  312
1251  312
1253  311
1255  311
1258  311
1262  311
1263  311
1267  311
1270  311
1271  311
1272  311
1273  311
1276  311
1278  311
1283  311
1286  312
1288  312
1291  312
1292  312
1294  312
1296  312
1296  313
1297  313
1299  313
1302  313
1304  313
1306  313
1307  313
1308  313
1309  313
1310  313
1311  313
1314  313
1315  313
1315  315
1318  315
1319  315
1320  315
1322  315
1324  315
1325  315
1326  315
1327  315
1328  315
1329  316
1331  316
1332  316
1333  316
1334  316
1335  316
1336  316
1337  314
1339  314
1340  314
1341  313
1342  313
1343  313
1346  313
1347  313
1351  313
1352  313
1355  313
1356  313
1357  313
1359  313
1361  313
1362  313
1363  313
1364  313
1365  313
1365  315
1365  316
1365  317
1392  322
1393  322
1394  321
1396  320
1401  320
1405  320
1408  320
1411  319
1412  319
1416  319
1419  317
1423  317
1426  317
1427  317
1429  317
1432  317
1433  316
1435  316
1438  315
1444  315
1449  315
1455  317
1459  317
1470  317
1476  317
1480  317
1485  317
1491  317
1497  317
1503  317
1506  317
1508  317
1511  317
1515  317
1524  318
1528  320
1536  320
1543  322
1552  323
1558  325
1566  325
1575  327
1584  328
1591  330
1597  330
1603  333
1610  335
1614  336
1619  339
1629  341
1634  344
1640  346
1643  349
1649  349
1650  350
1651  350
1656  353
1658  354
1661  357
1666  358
1669  360
1671  360
1674  363
1677  364
1680  367
1683  368
1685  371
1690  371
1694  374
1696  376
1701  376
1704  379
1704  381
1707  381
1709  384
1712  385
1715  388
1718  390
1722  391
1722  392
1725  395
1727  398
1731  401
1734  404
1739  405
1741  408
1743  408
1744  409
1748  409
1749  409
1754  409
1761  411
1765  414
1770  416
1776  417
1782  419
1787  420
1793  420
1797  422
1802  423
1808  425
1809  425
1815  426
1821  428
1825  428
1832  428
1840  428
1842  428
1851  428
1855  428
1859  429
1866  429
1868  429
1874  429
1877  431
1883  432
1888  434
1894  434
1900  434
1906  434
1911  434
1913  434
1918  434
1922  433
1928  432
1931  432
1936  430
1940  430
1946  429
1949  429
1951  429
1954  429
1957  427
1960  426
1962  424
1969  424
1973  423
1976  423
1978  421
1981  420
1984  420
1988  419
1991  417
1994  417
1998  416
2005  414
2011  414
2014  413
2018  411
2023  410
2027  410
2033  406
2040  403
2043  403
2046  400
2047  400
2051  399
2052  398
2056  396
2061  395
2062  394
2066  391
2067  390
2071  387
2075  386
2078  383
2083  383
2087  381
2090  377
2095  374
2099  372
2104  371
2107  368
2115  366
2122  364
2124  363
2129  360
2137  358
2139  358
2143  357
2149  355
2153  354
2160  352
2164  351
2169  349
2171  348
2174  348
2178  348
2181  348
2184  348
2186  346
2191  346
2195  346
2198  346
2204  346
2207  346
2208  346
2209  346
2211  346
2216  346
2220  347
2225  347
2227  347
2232  348
2236  348
2239  348
2243  348
2246  348
2250  350
2255  351
2259  351
2260  351
2261  351
2264  354
2267  354
2271  354
2274  354
2276  354
2279  354
2279  355
2280  355
2283  356
2285  358
2288  358
2292  358
2295  359
2300  361
2302  361
2305  361
2308  361
2310  361
2313  361
2315  361
2317  361
2321  361
2323  361
2328  362
2334  362
2340  362
2343  362
2345  362
2348  362
2351  362
2357  360
2360  360
2362  359
2369  357
2371  357
2372  356
2374  356
2376  355
2382  353
2391  353
2394  352
2398  350
2401  349
2407  347
2414  344
2421  341
2427  339
2430  336
2434  335
2443  333
2447  332
2454  330
2456  330
2461  327
2464  325
2467  323
2468  321
2470  320
2471  320
2476  317
2477  317
2479  316
2482  315
2488  315
2489  314
2493  311
2496  309
2502  309
2503  309
2507  308
2510  308
2513  308
2516  307
2518  307
2523  305
2524  304
2528  304
2531  303
2532  302
2536  300
2538  299
2547  297
2551  296
2554  296
2557  296
2559  296
2562  296
2565  296
2567  294
2568  294
2571  294
2574  294
2576  294
2576  293
2580  293
2581  293
2582  293
2584  293
2588  293
2589  293
2590  293
2594  293
2596  293
2598  293
2602  293
2604  293
2605  293
2608  293
2610  293
2613  293
2616  293
2617  293
2618  293
2619  295
2622  295
2623  295
2624  295
2627  295
2628  295
2630  295
2631  295
2634  295
2635  295
2638  296
2639  296
2640  296
2641  296
2643  296
2645  296
2646  296
2647  296
2648  296
2649  296
2652  297
2653  297
2654  297
2655  298
2657  299
2659  299
2662  301
2663  301
2666  302
2667  303
2668  303
2669  304
2669  306
2672  306
2674  307
2677  307
2678  308
2679  309
2680  311
2682  311
2684  311
2685  311
2688  312
2689  312
2691  312
2694  312
2695  312
2696  312
2698  312
2699  313
2700  314
2701  314
2702  314
2703  314
2705  315
2706  315
2707  316
2708  316
2711  316
2712  318
2713  319
2714  319
2715  319
2718  319
2719  319
2719  320
2720  320
2722  320
2722  321
2724  321
2725  322
2726  322
2728  322
2730  322
2730  323
2772  332
2780  332
2786  332
2791  332
2797  332
2803  331
2806  331
2810  331
2815  329
2817  329
2819  329
2820  329
2821  329
2823  329
2826  329
2827  329
2831  329
2835  329
2840  329
2844  329
2845  329
2848  329
2852  329
2853  329
2859  330
2861  330
2868  330
2870  330
2871  330
2875  331
2880  332
2883  332
2884  332
2888  332
2894  334
2902  334
2905  335
2910  338
2916  338
2920  340
2927  342
2929  343
2934  343
2942  346
2947  348
2950  349
2956  353
2963  354
2964  355
2966  357
2969  358
2975  360
2977  361
2979  363
2984  366
2987  368
2991  369
2994  372
2998  372
3001  374
3004  375
3007  376
3010  378
3013  381
3015  382
3018  384
3021  385
3024  386
3025  388
3027  390
3030  392
3033  394
3036  397
3039  400
3044  403
3046  403
3047  405
3050  407
3055  409
3056  410
3057  411
3059  414
3062  416
3065  418
3068  421
3073  422
3075  424
3080  427
3085  430
3087  430
3088  430
3090  431
3091  432
3093  435
3096  436
3103  439
3105  439
3108  439
3111  441
3112  441
3116  442
3119  445
3122  447
3128  448
3132  450
3139  451
3143  451
3146  453
3148  453
3155  454
3159  454
3167  454
3172  454
3178  454
3184  456
3192  456
3199  455
3203  455
3209  455
3217  455
3224  454
3226  454
3229  454
3233  454
3240  452
3246  452
3248  452
3251  452
3254  452
3262  452
3266  452
3275  450
3281  450
3284  449
3292  447
3303  445
3310  445
3314  445
3320  444
3325  442
3329  441
3338  437
3342  437
3348  437
3350  437
3355  437
3359  437
3364  437
3370  437
3374  437
3380  437
3385  437
3389  436
3392  436
3396  436
3397  436
3403  438
3409  438
3414  439
3420  439
3424  442
3426  442
3428  443
3433  445
3437  445
3442  446
3446  448
3451  449
3452  449
3453  449
3457  451
3460  452
3466  455
3471  457
3475  458
3480  460
3484  460
3489  461
3491  463
3496  463
3499  464
3505  467
3508  469
3514  472
3517  472
3523  474
3526  474
3530  474
3535  474
3536  475
3540  475
3543  476
3549  478
3553  479
3560  483
3566  484
3572  484
3580  484
3589  486
3594  486
3600  488
3606  488
3614  488
3619  488
3621  488
3632  488
3641  487
3647  487
3651  487
3657  487
3663  485
3666  485
3669  484
3675  484
3678  484
3682  482
3687  481
3691  479
3697  478
3700  473
3707  472
3710  469
3714  467
3719  466
3723  461
3728  459
3734  458
3741  455
3748  447
3753  444
3759  441
3767  435
3771  431
3776  428
3783  423
3787  420
3790  417
3797  412
3800  409
3804  406
3809  402
3814  399
3815  398
3819  396
3823  393
3830  389
3833  386
3837  383
3839  380
3843  379
3848  374
3849  373
3853  370
3855  368
3858  365
3859  362
3860  359
3863  356
3870  351
3871  348
3874  345
3877  341
3882  336
3885  333
3888  329
3889  326
3894  323
3895  322
3898  319
3901  316
3904  313
3907  309
3912  302
3913  301
3916  297
3919  292
3922  289
3923  288
3925  287
3925  285
3928  285
3929  284
3932  282
3932  279
3935  276
3937  275
3937  270
3937  268
3939  268
3940  265
3943  264
3946  261
3947  258
3948  257
3949  256
3952  254
3953  253
3954  251
3955  250
3957  247
3957  246
3958  243
3959  242
3959  240
3962  237
3963  234
3965  231
3968  230
3969  227
3969  226
3970  226
3971  225
3974  222
3977  219
3980  216
3981  213
3982  212
3984  208
3985  205
3986  204
3988  202
3989  200
3993  196
3994  195
3997  189
4000  188
4003  183
4004  179
4006  174
4007  173
4010  168
4013  165
4014  162
4015  159
4020  156
4023  153
4024  152
4025  149
4028  146
4030  145
4030  143
4033  138
4034  134
4039  132
4042  128
4043  125
4044  122
4047  119
4050  116
4050  112
4053  107
4055  104
4059  101
4061  99
4064  96
4067  93
4068  90
4071  89
4072  84
4075  81
4077  78
4081  75
4081  73
4083  70
4085  68
4088  64
4090  64
4091  63
4092  60
4093  59
4094  58
4095  57
4095  55
4095  52
4095  51
4095  48
4095  47
4095  46
4095  45
4095  44
4095  42
4095  41
4095  40
4095  39
4095  38
4095  37
4095  35
4095  34
4095  33
4095  32
4095  31
